param_name,param_value,optim_value,convergence
search_threshold,4.424613989635404,76.38526678248262,converged
