param_name,param_value,optim_value,convergence
search_threshold,15.999999681372794,19.291676122186676,converged
